1 0.269734 0.328492 0.128031 0.106453
3 0.147078 0.559719 0.235219 0.359312
4 0.477930 0.474539 0.093234 0.031078
4 0.647141 0.452086 0.093250 0.031078
4 0.854352 0.500398 0.093234 0.031078
0 0.409727 0.613375 0.226172 0.503875
0 0.679953 0.625438 0.290094 0.572875
0 0.896086 0.646180 0.207828 0.510766
0 0.162992 0.570203 0.325984 0.597094
4 0.284555 0.379570 0.093234 0.031078
3 0.893164 0.694234 0.213672 0.311906
3 0.644937 0.620906 0.235219 0.271500
3 0.410406 0.646805 0.235219 0.308922
1 0.880156 0.456125 0.115000 0.071938
1 0.652867 0.394969 0.106453 0.073375
1 0.478719 0.433133 0.117875 0.071891
