0 0.562125 0.481867 0.239562 0.572203
3 0.387328 0.544922 0.112844 0.063594
3 0.462828 0.443648 0.105594 0.141484
3 0.352523 0.430430 0.105578 0.141484
1 0.588680 0.264359 0.091078 0.065937
1 0.485641 0.333359 0.059969 0.039531
1 0.456203 0.350680 0.061031 0.050422
1 0.128938 0.330359 0.068375 0.047906
1 0.369305 0.335734 0.091078 0.065937
0 0.136336 0.501594 0.154609 0.412750
0 0.337320 0.488117 0.121453 0.356797
0 0.461664 0.424937 0.113234 0.213875
0 0.656398 0.494359 0.175328 0.439719
4 0.544594 0.477672 0.149187 0.285937
4 0.123914 0.498477 0.149172 0.285922
4 0.655391 0.407328 0.093281 0.190656
4 0.072156 0.532578 0.053812 0.035219
4 0.194359 0.519203 0.053813 0.035219
4 0.675047 0.500547 0.053812 0.035219
4 0.472000 0.555453 0.053812 0.049719
