4 0.672539 0.636664 0.054766 0.089484
1 0.280539 0.358359 0.125172 0.100469
3 0.215266 0.573961 0.191656 0.322078
1 0.468375 0.427812 0.103562 0.065937
1 0.607211 0.379602 0.090578 0.064516
1 0.795031 0.401938 0.106500 0.060125
3 0.440328 0.631445 0.174406 0.271641
3 0.625930 0.578859 0.203141 0.264594
3 0.837430 0.617055 0.182953 0.283172
4 0.284727 0.563344 0.089453 0.087062
4 0.472414 0.598156 0.087016 0.077125
4 0.522141 0.659062 0.077094 0.059687
4 0.585578 0.628000 0.064594 0.077125
4 0.779477 0.785852 0.059672 0.109391
4 0.948617 0.763391 0.059672 0.109406
0 0.227516 0.572031 0.266562 0.493750
0 0.478641 0.599375 0.266562 0.493750
0 0.640250 0.577000 0.266563 0.493750
0 0.854063 0.591922 0.266562 0.493750
