2 0.499977 0.481727 0.104766 0.039672
3 0.819023 0.569023 0.165078 0.179359
3 0.645219 0.530133 0.201594 0.180953
3 0.353172 0.531680 0.189000 0.136516
3 0.488867 0.591250 0.136516 0.122219
3 0.211883 0.523789 0.211109 0.136516
1 0.504742 0.456336 0.098422 0.080953
1 0.782523 0.457125 0.133328 0.063500
1 0.615859 0.411125 0.168281 0.111187
1 0.387289 0.424578 0.126984 0.077781
1 0.196813 0.391250 0.161906 0.103188
0 0.208477 0.482719 0.253234 0.302156
0 0.374672 0.514383 0.168344 0.279141
0 0.490492 0.517258 0.143891 0.238859
0 0.802727 0.546750 0.172672 0.271938
0 0.617117 0.494234 0.247484 0.290656
4 0.594812 0.423734 0.079125 0.025906
4 0.767469 0.489203 0.061875 0.027344
4 0.399844 0.451070 0.060438 0.034547
