4 0.511781 0.620914 0.130875 0.103703
4 0.484625 0.392523 0.150625 0.175297
4 0.737703 0.374000 0.167906 0.192594
4 0.142664 0.806102 0.271578 0.167891
4 0.145117 0.551781 0.177766 0.074062
4 0.322891 0.686352 0.246906 0.140734
4 0.674750 0.796227 0.377781 0.227172
4 0.795734 0.693758 0.204938 0.116047
4 0.907125 0.646844 0.185750 0.239500
0 0.153789 0.735172 0.290047 0.376625
0 0.136367 0.502492 0.233984 0.283547
0 0.335500 0.649680 0.272937 0.357141
0 0.495672 0.568508 0.185938 0.259734
0 0.683984 0.727594 0.514937 0.452375
0 0.798695 0.634523 0.298922 0.318172
0 0.881008 0.597727 0.237984 0.404766
0 0.466453 0.369367 0.227063 0.363641
0 0.752164 0.365047 0.274672 0.450219
