4 0.130883 0.588680 0.251078 0.354984
4 0.208813 0.548633 0.147187 0.274891
4 0.340836 0.628719 0.298703 0.305188
4 0.422008 0.488023 0.145016 0.158016
4 0.509672 0.607070 0.281375 0.348484
4 0.705562 0.471797 0.162344 0.346312
4 0.808367 0.449062 0.216453 0.378781
0 0.825109 0.529844 0.209875 0.685187
0 0.684164 0.496922 0.166672 0.602875
0 0.504125 0.591578 0.185187 0.273656
0 0.406391 0.641984 0.343625 0.423875
0 0.104945 0.569969 0.209891 0.444437
0 0.215031 0.445484 0.129625 0.129625
0 0.397125 0.452688 0.119344 0.139906
