3 0.091992 0.398266 0.157797 0.311469
3 0.185062 0.429648 0.140469 0.331391
3 0.307359 0.391672 0.121000 0.246750
3 0.350539 0.433984 0.112547 0.296750
3 0.474133 0.396000 0.142859 0.246750
3 0.614828 0.357141 0.147187 0.195031
3 0.683875 0.587664 0.164500 0.248703
3 0.915531 0.483766 0.168938 0.331375
0 0.076234 0.472828 0.152469 0.591562
0 0.172469 0.443562 0.140031 0.481500
0 0.303219 0.473539 0.118594 0.458672
0 0.352516 0.327078 0.048594 0.140031
0 0.472539 0.439984 0.122891 0.414406
0 0.594000 0.412813 0.125750 0.385813
0 0.678305 0.577141 0.162891 0.262906
0 0.891922 0.504266 0.175750 0.488687
