1 0.288055 0.208422 0.043203 0.045281
1 0.165625 0.181672 0.041156 0.041156
1 0.090523 0.190937 0.034984 0.051438
1 0.894023 0.282492 0.074078 0.115234
1 0.815828 0.220766 0.074063 0.069969
1 0.699570 0.166242 0.100828 0.117297
1 0.566859 0.216656 0.069969 0.094656
1 0.245867 0.263984 0.074078 0.065844
1 0.479406 0.164180 0.080250 0.084359
1 0.396078 0.174477 0.065844 0.084359
1 0.337438 0.166242 0.092594 0.096703
4 0.341406 0.462641 0.170375 0.355563
4 0.574742 0.483625 0.128391 0.323469
4 0.696961 0.442883 0.140734 0.316047
4 0.893258 0.546586 0.128391 0.345672
4 0.805602 0.458937 0.096297 0.269125
4 0.490789 0.394742 0.093828 0.283953
0 0.330289 0.560172 0.128391 0.871594
0 0.699430 0.546586 0.165422 0.898766
0 0.568562 0.581156 0.130875 0.829625
0 0.892023 0.604609 0.155547 0.777781
0 0.811773 0.335477 0.103703 0.239516
0 0.473508 0.236711 0.118516 0.249391
1 0.217063 0.202250 0.037031 0.049375
