0 0.578109 0.458773 0.065844 0.213984
0 0.219055 0.577078 0.121391 0.236625
1 0.667750 0.412664 0.075969 0.077922
1 0.589719 0.398594 0.058437 0.054125
1 0.535711 0.367203 0.071203 0.064938
1 0.489070 0.384195 0.086578 0.071203
1 0.291016 0.413422 0.054125 0.060813
1 0.190586 0.521648 0.069266 0.047828
3 0.283547 0.515047 0.073375 0.129875
3 0.202383 0.598594 0.092859 0.140688
3 0.098484 0.529219 0.123156 0.123156
3 0.655844 0.525000 0.151719 0.171000
3 0.565906 0.495664 0.084406 0.151734
3 0.479547 0.523813 0.132031 0.173375
0 0.100742 0.633664 0.164609 0.386828
0 0.480375 0.612063 0.117281 0.524687
0 0.717000 0.612062 0.211938 0.458844
