0 0.700313 0.457719 0.302156 0.435969
1 0.275453 0.316719 0.184125 0.122219
1 0.708781 0.316711 0.168250 0.103172
1 0.898461 0.276242 0.201578 0.126984
3 0.273859 0.672273 0.320625 0.417453
3 0.686555 0.644492 0.165078 0.463484
3 0.913914 0.673859 0.172172 0.414281
0 0.873172 0.593969 0.253656 0.812063
0 0.308219 0.612672 0.424469 0.774656
4 0.677289 0.805195 0.120859 0.109359
4 0.525492 0.820305 0.151078 0.079141
4 0.830516 0.357000 0.102156 0.059000
4 0.676562 0.376422 0.102156 0.054688
4 0.299586 0.385047 0.119422 0.034531
0 0.885141 0.616641 0.210594 0.766719
0 0.713406 0.429727 0.236875 0.387109
0 0.275602 0.631945 0.331922 0.727984
