4 0.369164 0.695500 0.044891 0.069063
4 0.222398 0.686906 0.044891 0.069063
4 0.495195 0.681727 0.044891 0.069078
0 0.296641 0.609211 0.155437 0.515078
0 0.436492 0.631656 0.155422 0.515063
3 0.725422 0.610461 0.165813 0.232734
3 0.422914 0.589742 0.165797 0.232734
3 0.547227 0.593883 0.165797 0.232734
4 0.809445 0.692086 0.044891 0.069078
1 0.439492 0.419836 0.087984 0.051484
1 0.557594 0.409477 0.087969 0.051484
1 0.723344 0.428133 0.087969 0.051484
4 0.655773 0.698992 0.044891 0.069078
4 0.622961 0.695539 0.044891 0.069078
0 0.740625 0.623281 0.197500 0.508125
0 0.574625 0.616375 0.155438 0.515062
1 0.298203 0.385273 0.087969 0.051484
3 0.293508 0.577617 0.165797 0.232734
