0 0.152672 0.538445 0.254812 0.634078
4 0.498812 0.636875 0.179438 0.296750
4 0.144609 0.481570 0.222719 0.283766
0 0.468234 0.645133 0.275531 0.480047
0 0.828227 0.584375 0.272578 0.583719
0 0.341797 0.559719 0.114313 0.348688
0 0.633297 0.583281 0.114312 0.395813
0 0.531125 0.439672 0.112875 0.197188
0 0.411820 0.512547 0.105734 0.337219
0 0.957391 0.495406 0.085219 0.402938
0 0.634719 0.378234 0.057156 0.100031
0 0.043875 0.473258 0.078594 0.444391
0 0.311789 0.338227 0.100016 0.125734
0 0.447539 0.331797 0.054297 0.087156
0 0.401813 0.344656 0.060000 0.098594
0 0.551133 0.297508 0.084297 0.095734
0 0.555422 0.343938 0.052875 0.077156
4 0.634203 0.557250 0.117094 0.201312
4 0.335500 0.537773 0.117094 0.183984
4 0.824680 0.546531 0.233984 0.361250
