0 0.548367 0.615234 0.181078 0.604938
0 0.777789 0.681078 0.129641 0.444437
0 0.846719 0.613180 0.251031 0.629641
4 0.882727 0.505156 0.232516 0.244844
4 0.101867 0.511328 0.181078 0.286000
3 0.775977 0.640586 0.157797 0.233766
3 0.686148 0.551945 0.203672 0.272953
3 0.533547 0.502273 0.188094 0.251078
3 0.377703 0.549781 0.196750 0.302812
3 0.233875 0.588633 0.181813 0.277047
2 0.246758 0.426406 0.078141 0.038750
0 0.092602 0.617297 0.150203 0.687250
0 0.233555 0.665648 0.176953 0.561734
0 0.371414 0.636844 0.193422 0.578188
0 0.671828 0.634781 0.144031 0.541156
